0 1.585489629014E12
0 1.5854896290140625E12
0 1.585489629014125E12
0 1.5854896290141875E12
0 1.58548962901425E12
0 1.5854896290143125E12
0 1.585489629014375E12
0 1.5854896290144375E12
0 1.5854896290145E12
0 1.5854896290145625E12
0 1.585489629014625E12
0 1.5854896290146875E12
0 1.58548962901475E12
0 1.5854896290148125E12
0 1.585489629014875E12
0 1.5854896290149375E12
0 1.585489629015E12
0 1.5854896290150625E12
0 1.585489629015125E12
0 1.5854896290151875E12
0 1.58548962901525E12
0 1.5854896290153125E12
0 1.585489629015375E12
0 1.5854896290154375E12
0 1.5854896290155E12
0 1.5854896290155625E12
0 1.585489629015625E12
0 1.5854896290156875E12
0 1.58548962901575E12
0 1.5854896290158125E12
0 1.585489629015875E12
0 1.5854896290159375E12
0 1.585489629016E12
0 1.5854896290160625E12
0 1.585489629016125E12
0 1.5854896290161875E12
0 1.58548962901625E12
0 1.5854896290163125E12
0 1.585489629016375E12
0 1.5854896290164375E12
0 1.5854896290165E12
0 1.5854896290165625E12
0 1.585489629016625E12
0 1.5854896290166875E12
0 1.58548962901675E12
0 1.5854896290168125E12
0 1.585489629016875E12
0 1.5854896290169375E12
0 1.585489629017E12
0 1.5854896290170625E12
0 1.585489629017125E12
0 1.5854896290171875E12
0 1.58548962901725E12
0 1.5854896290173125E12
0 1.585489629017375E12
0 1.5854896290174375E12
0 1.5854896290175E12
0 1.5854896290175625E12
0 1.585489629017625E12
0 1.5854896290176875E12
0 1.58548962901775E12
0 1.5854896290178125E12
0 1.585489629017875E12
0 1.5854896290179375E12
0 1.585489629018E12
0 1.5854896290180625E12
0 1.585489629018125E12
0 1.5854896290181875E12
0 1.58548962901825E12
0 1.5854896290183125E12
0 1.585489629018375E12
0 1.5854896290184375E12
0 1.5854896290185E12
0 1.5854896290185625E12
0 1.585489629018625E12
0 1.5854896290186875E12
0 1.58548962901875E12
0 1.5854896290188125E12
0 1.585489629018875E12
0 1.5854896290189375E12
0 1.585489629019E12
0 1.5854896290190625E12
0 1.585489629019125E12
0 1.5854896290191875E12
0 1.58548962901925E12
0 1.5854896290193125E12
0 1.585489629019375E12
0 1.5854896290194375E12
0 1.5854896290195E12
0 1.5854896290195625E12
0 1.585489629019625E12
0 1.5854896290196875E12
0 1.58548962901975E12
0 1.5854896290198125E12
0 1.585489629019875E12
0 1.5854896290199375E12
0 1.58548962902E12
0 1.5854896290200625E12
0 1.585489629020125E12
0 1.5854896290201875E12
0 1.58548962902025E12
0 1.5854896290203125E12
0 1.585489629020375E12
0 1.5854896290204375E12
0 1.5854896290205E12
0 1.5854896290205625E12
0 1.585489629020625E12
0 1.5854896290206875E12
0 1.58548962902075E12
0 1.5854896290208125E12
0 1.585489629020875E12
0 1.5854896290209375E12
0 1.585489629021E12
0 1.5854896290210625E12
0 1.585489629021125E12
0 1.5854896290211875E12
0 1.58548962902125E12
0 1.5854896290213125E12
0 1.585489629021375E12
0 1.5854896290214375E12
0 1.5854896290215E12
0 1.5854896290215625E12
0 1.585489629021625E12
0 1.5854896290216875E12
0 1.58548962902175E12
0 1.5854896290218125E12
0 1.585489629021875E12
0 1.5854896290219375E12
0 1.585489629022E12
0 1.5854896290220625E12
0 1.585489629022125E12
0 1.5854896290221875E12
0 1.58548962902225E12
0 1.5854896290223125E12
0 1.585489629022375E12
0 1.5854896290224375E12
0 1.5854896290225E12
0 1.5854896290225625E12
0 1.585489629022625E12
0 1.5854896290226875E12
0 1.58548962902275E12
0 1.5854896290228125E12
0 1.585489629022875E12
0 1.5854896290229375E12
0 1.585489629023E12
0 1.5854896290230625E12
0 1.585489629023125E12
0 1.5854896290231875E12
0 1.58548962902325E12
0 1.5854896290233125E12
0 1.585489629023375E12
0 1.5854896290234375E12
0 1.5854896290235E12
0 1.5854896290235625E12
0 1.585489629023625E12
0 1.5854896290236875E12
0 1.58548962902375E12
0 1.5854896290238125E12
0 1.585489629023875E12
0 1.5854896290239375E12
0 1.585489629024E12
0 1.5854896290240625E12
0 1.585489629024125E12
0 1.5854896290241875E12
0 1.58548962902425E12
0 1.5854896290243125E12
0 1.585489629024375E12
0 1.5854896290244375E12
0 1.5854896290245E12
0 1.5854896290245625E12
0 1.585489629024625E12
0 1.5854896290246875E12
0 1.58548962902475E12
0 1.5854896290248125E12
0 1.585489629024875E12
0 1.5854896290249375E12
0 1.585489629025E12
0 1.5854896290250625E12
0 1.585489629025125E12
0 1.5854896290251875E12
0 1.58548962902525E12
0 1.5854896290253125E12
0 1.585489629025375E12
0 1.5854896290254375E12
0 1.5854896290255E12
0 1.5854896290255625E12
0 1.585489629025625E12
0 1.5854896290256875E12
0 1.58548962902575E12
0 1.5854896290258125E12
0 1.585489629025875E12
0 1.5854896290259375E12
0 1.585489629026E12
0 1.5854896290260625E12
-2 1.585489629026125E12
-2 1.5854896290261875E12
-2 1.58548962902625E12
-2 1.5854896290263125E12
-2 1.585489629026375E12
-2 1.5854896290264375E12
-2 1.5854896290265E12
-2 1.5854896290265625E12
-2 1.585489629026625E12
-2 1.5854896290266875E12
-2 1.58548962902675E12
-2 1.5854896290268125E12
-2 1.585489629026875E12
-2 1.5854896290269375E12
-2 1.585489629027E12
-2 1.5854896290270625E12
-2 1.585489629027125E12
-2 1.5854896290271875E12
0 1.58548962902725E12
0 1.5854896290273125E12
0 1.585489629027375E12
0 1.5854896290274375E12
0 1.5854896290275E12
0 1.5854896290275625E12
0 1.585489629027625E12
0 1.5854896290276875E12
0 1.58548962902775E12
0 1.5854896290278125E12
0 1.585489629027875E12
0 1.5854896290279375E12
0 1.585489629028E12
0 1.5854896290280625E12
0 1.585489629028125E12
0 1.5854896290281875E12
0 1.58548962902825E12
0 1.5854896290283125E12
0 1.585489629028375E12
0 1.5854896290284375E12
0 1.5854896290285E12
0 1.5854896290285625E12
0 1.585489629028625E12
0 1.5854896290286875E12
0 1.58548962902875E12
0 1.5854896290288125E12
0 1.585489629028875E12
0 1.5854896290289375E12
0 1.585489629029E12
0 1.5854896290290625E12
0 1.585489629029125E12
0 1.5854896290291875E12
0 1.58548962902925E12
0 1.5854896290293125E12
0 1.585489629029375E12
0 1.5854896290294375E12
0 1.5854896290295E12
0 1.5854896290295625E12
-2 1.585489629029625E12
-2 1.5854896290296875E12
-2 1.58548962902975E12
-2 1.5854896290298125E12
-2 1.585489629029875E12
-2 1.5854896290299375E12
-2 1.58548962903E12
-2 1.5854896290300625E12
-2 1.585489629030125E12
-2 1.5854896290301875E12
-2 1.58548962903025E12
-2 1.5854896290303125E12
-2 1.585489629030375E12
-2 1.5854896290304375E12
-2 1.5854896290305E12
-2 1.5854896290305625E12
-2 1.585489629030625E12
-2 1.5854896290306875E12
-2 1.58548962903075E12
-2 1.5854896290308125E12
-2 1.585489629030875E12
-2 1.5854896290309375E12
-2 1.585489629031E12
-2 1.5854896290310625E12
-2 1.585489629031125E12
-2 1.5854896290311875E12
-2 1.58548962903125E12
-2 1.5854896290313125E12
-2 1.585489629031375E12
-2 1.5854896290314375E12
-2 1.5854896290315E12
-2 1.5854896290315625E12
-2 1.585489629031625E12
-2 1.5854896290316875E12
-2 1.58548962903175E12
-2 1.5854896290318125E12
-2 1.585489629031875E12
-2 1.5854896290319375E12
-2 1.585489629032E12
-2 1.5854896290320625E12
-2 1.585489629032125E12
-2 1.5854896290321875E12
-2 1.58548962903225E12
-2 1.5854896290323125E12
-2 1.585489629032375E12
-2 1.5854896290324375E12
-2 1.5854896290325E12
-2 1.5854896290325625E12
-2 1.585489629032625E12
-2 1.5854896290326875E12
-2 1.58548962903275E12
-2 1.5854896290328125E12
-2 1.585489629032875E12
-2 1.5854896290329375E12
-2 1.585489629033E12
-2 1.5854896290330625E12
-2 1.585489629033125E12
-2 1.5854896290331875E12
0 1.58548962903325E12
0 1.5854896290333125E12
0 1.585489629033375E12
0 1.5854896290334375E12
0 1.5854896290335E12
0 1.5854896290335625E12
-2 1.585489629033625E12
-2 1.5854896290336875E12
-2 1.58548962903375E12
-2 1.5854896290338125E12
-2 1.585489629033875E12
-2 1.5854896290339375E12
-2 1.585489629034E12
-2 1.5854896290340625E12
-2 1.585489629034125E12
-2 1.5854896290341875E12
-2 1.58548962903425E12
-2 1.5854896290343125E12
-2 1.585489629034375E12
-2 1.5854896290344375E12
-2 1.5854896290345E12
-2 1.5854896290345625E12
-2 1.585489629034625E12
-2 1.5854896290346875E12
-2 1.58548962903475E12
-2 1.5854896290348125E12
-2 1.585489629034875E12
-2 1.5854896290349375E12
-2 1.585489629035E12
-2 1.5854896290350625E12
-2 1.585489629035125E12
0 1.5854896290351875E12
0 1.58548962903525E12
0 1.5854896290353125E12
0 1.585489629035375E12
-2 1.5854896290354375E12
-2 1.5854896290355E12
-2 1.5854896290355625E12
-2 1.585489629035625E12
-2 1.5854896290356875E12
-2 1.58548962903575E12
-2 1.5854896290358125E12
-2 1.585489629035875E12
-2 1.5854896290359375E12
-2 1.585489629036E12
-2 1.5854896290360625E12
-2 1.585489629036125E12
-2 1.5854896290361875E12
-2 1.58548962903625E12
-2 1.5854896290363125E12
-2 1.585489629036375E12
-2 1.5854896290364375E12
-2 1.5854896290365E12
-2 1.5854896290365625E12
0 1.585489629036625E12
0 1.5854896290366875E12
-2 1.58548962903675E12
-2 1.5854896290368125E12
-2 1.585489629036875E12
-2 1.5854896290369375E12
-2 1.585489629037E12
-2 1.5854896290370625E12
-2 1.585489629037125E12
-2 1.5854896290371875E12
-2 1.58548962903725E12
-2 1.5854896290373125E12
-2 1.585489629037375E12
-2 1.5854896290374375E12
-2 1.5854896290375E12
-2 1.5854896290375625E12
-2 1.585489629037625E12
-2 1.5854896290376875E12
-2 1.58548962903775E12
-2 1.5854896290378125E12
-2 1.585489629037875E12
-2 1.5854896290379375E12
-2 1.585489629038E12
-2 1.5854896290380625E12
-2 1.585489629038125E12
-2 1.5854896290381875E12
-2 1.58548962903825E12
-2 1.5854896290383125E12
0 1.585489629038375E12
0 1.5854896290384375E12
-2 1.5854896290385E12
-2 1.5854896290385625E12
-2 1.585489629038625E12
-2 1.5854896290386875E12
-2 1.58548962903875E12
-2 1.5854896290388125E12
-2 1.585489629038875E12
-2 1.5854896290389375E12
-2 1.585489629039E12
-2 1.5854896290390625E12
-2 1.585489629039125E12
0 1.5854896290391875E12
-3 1.58548962903925E12
-2 1.5854896290393125E12
-3 1.585489629039375E12
0 1.5854896290394375E12
0 1.5854896290395E12
0 1.5854896290395625E12
-7 1.585489629039625E12
2 1.5854896290396875E12
-10 1.58548962903975E12
22 1.5854896290398125E12
-14 1.585489629039875E12
-205 1.5854896290399375E12
-91 1.58548962904E12
128 1.5854896290400625E12
200 1.585489629040125E12
145 1.5854896290401875E12
-31 1.58548962904025E12
-146 1.5854896290403125E12
-126 1.585489629040375E12
-3 1.5854896290404375E12
82 1.5854896290405E12
76 1.5854896290405625E12
-35 1.585489629040625E12
-182 1.5854896290406875E12
-189 1.58548962904075E12
29 1.5854896290408125E12
169 1.585489629040875E12
64 1.5854896290409375E12
-103 1.585489629041E12
-105 1.5854896290410625E12
109 1.585489629041125E12
246 1.5854896290411875E12
177 1.58548962904125E12
-49 1.5854896290413125E12
-197 1.585489629041375E12
-98 1.5854896290414375E12
82 1.5854896290415E12
101 1.5854896290415625E12
-37 1.585489629041625E12
-143 1.5854896290416875E12
-53 1.58548962904175E12
53 1.5854896290418125E12
36 1.585489629041875E12
-17 1.5854896290419375E12
-13 1.585489629042E12
65 1.5854896290420625E12
92 1.585489629042125E12
-27 1.5854896290421875E12
-70 1.58548962904225E12
-17 1.5854896290423125E12
18 1.585489629042375E12
-3 1.5854896290424375E12
-65 1.5854896290425E12
-74 1.5854896290425625E12
-18 1.585489629042625E12
74 1.5854896290426875E12
108 1.58548962904275E12
28 1.5854896290428125E12
-30 1.585489629042875E12
16 1.5854896290429375E12
90 1.585489629043E12
117 1.5854896290430625E12
84 1.585489629043125E12
14 1.5854896290431875E12
-34 1.58548962904325E12
-30 1.5854896290433125E12
58 1.585489629043375E12
60 1.5854896290434375E12
-93 1.5854896290435E12
-227 1.5854896290435625E12
-146 1.585489629043625E12
58 1.5854896290436875E12
58 1.58548962904375E12
-99 1.5854896290438125E12
-99 1.585489629043875E12
17 1.5854896290439375E12
154 1.585489629044E12
112 1.5854896290440625E12
25 1.585489629044125E12
66 1.5854896290441875E12
50 1.58548962904425E12
5 1.5854896290443125E12
-43 1.585489629044375E12
41 1.5854896290444375E12
74 1.5854896290445E12
-5 1.5854896290445625E12
-121 1.585489629044625E12
-127 1.5854896290446875E12
-10 1.58548962904475E12
-69 1.5854896290448125E12
4 1.585489629044875E12
17 1.5854896290449375E12
-75 1.585489629045E12
-93 1.5854896290450625E12
28 1.585489629045125E12
166 1.5854896290451875E12
120 1.58548962904525E12
-59 1.5854896290453125E12
-126 1.585489629045375E12
44 1.5854896290454375E12
129 1.5854896290455E12
-26 1.5854896290455625E12
-142 1.585489629045625E12
-81 1.5854896290456875E12
-5 1.58548962904575E12
10 1.5854896290458125E12
-2 1.585489629045875E12
-11 1.5854896290459375E12
-45 1.585489629046E12
-95 1.5854896290460625E12
18 1.585489629046125E12
122 1.5854896290461875E12
97 1.58548962904625E12
-97 1.5854896290463125E12
-221 1.585489629046375E12
-113 1.5854896290464375E12
142 1.5854896290465E12
161 1.5854896290465625E12
-163 1.585489629046625E12
-261 1.5854896290466875E12
-49 1.58548962904675E12
102 1.5854896290468125E12
24 1.585489629046875E12
-62 1.5854896290469375E12
-51 1.585489629047E12
97 1.5854896290470625E12
122 1.585489629047125E12
49 1.5854896290471875E12
24 1.58548962904725E12
-99 1.5854896290473125E12
-43 1.585489629047375E12
49 1.5854896290474375E12
25 1.5854896290475E12
-93 1.5854896290475625E12
-194 1.585489629047625E12
-57 1.5854896290476875E12
102 1.58548962904775E12
49 1.5854896290478125E12
-87 1.585489629047875E12
-94 1.5854896290479375E12
41 1.585489629048E12
110 1.5854896290480625E12
114 1.585489629048125E12
113 1.5854896290481875E12
8 1.58548962904825E12
-42 1.5854896290483125E12
-45 1.585489629048375E12
54 1.5854896290484375E12
137 1.5854896290485E12
-54 1.5854896290485625E12
-193 1.585489629048625E12
-135 1.5854896290486875E12
89 1.58548962904875E12
69 1.5854896290488125E12
-199 1.585489629048875E12
-183 1.5854896290489375E12
82 1.585489629049E12
260 1.5854896290490625E12
152 1.585489629049125E12
-29 1.5854896290491875E12
53 1.58548962904925E12
188 1.5854896290493125E12
109 1.585489629049375E12
-78 1.5854896290494375E12
-133 1.5854896290495E12
37 1.5854896290495625E12
8 1.585489629049625E12
-50 1.5854896290496875E12
-18 1.58548962904975E12
-57 1.5854896290498125E12
17 1.585489629049875E12
100 1.5854896290499375E12
125 1.58548962905E12
54 1.5854896290500625E12
32 1.585489629050125E12
18 1.5854896290501875E12
98 1.58548962905025E12
34 1.5854896290503125E12
-27 1.585489629050375E12
-10 1.5854896290504375E12
65 1.5854896290505E12
57 1.5854896290505625E12
-39 1.585489629050625E12
-81 1.5854896290506875E12
-49 1.58548962905075E12
22 1.5854896290508125E12
2 1.585489629050875E12
-149 1.5854896290509375E12
-73 1.585489629051E12
12 1.5854896290510625E12
53 1.585489629051125E12
2 1.5854896290511875E12
-109 1.58548962905125E12
17 1.5854896290513125E12
106 1.585489629051375E12
37 1.5854896290514375E12
-2 1.5854896290515E12
104 1.5854896290515625E12
132 1.585489629051625E12
-29 1.5854896290516875E12
14 1.58548962905175E12
158 1.5854896290518125E12
197 1.585489629051875E12
21 1.5854896290519375E12
-191 1.585489629052E12
-73 1.5854896290520625E12
-38 1.585489629052125E12
-323 1.5854896290521875E12
-49 1.58548962905225E12
-75 1.5854896290523125E12
-610 1.585489629052375E12
-570 1.5854896290524375E12
681 1.5854896290525E12
1104 1.5854896290525625E12
-571 1.585489629052625E12
-1257 1.5854896290526875E12
-409 1.58548962905275E12
1696 1.5854896290528125E12
1926 1.585489629052875E12
-662 1.5854896290529375E12
-2042 1.585489629053E12
-217 1.5854896290530625E12
1945 1.585489629053125E12
1054 1.5854896290531875E12
-1382 1.58548962905325E12
-1861 1.5854896290533125E12
-406 1.585489629053375E12
1045 1.5854896290534375E12
702 1.5854896290535E12
-553 1.5854896290535625E12
-669 1.585489629053625E12
-302 1.5854896290536875E12
642 1.58548962905375E12
1084 1.5854896290538125E12
742 1.585489629053875E12
-349 1.5854896290539375E12
-1351 1.585489629054E12
-481 1.5854896290540625E12
1288 1.585489629054125E12
1537 1.5854896290541875E12
-942 1.58548962905425E12
-2522 1.5854896290543125E12
-557 1.585489629054375E12
2042 1.5854896290544375E12
1758 1.5854896290545E12
-855 1.5854896290545625E12
-2222 1.585489629054625E12
-393 1.5854896290546875E12
1708 1.58548962905475E12
1593 1.5854896290548125E12
-438 1.585489629054875E12
-1554 1.5854896290549375E12
-775 1.585489629055E12
470 1.5854896290550625E12
1258 1.585489629055125E12
353 1.5854896290551875E12
-926 1.58548962905525E12
-1189 1.5854896290553125E12
86 1.585489629055375E12
1260 1.5854896290554375E12
673 1.5854896290555E12
-826 1.5854896290555625E12
-1271 1.585489629055625E12
64 1.5854896290556875E12
1222 1.58548962905575E12
565 1.5854896290558125E12
-678 1.585489629055875E12
-809 1.5854896290559375E12
14 1.585489629056E12
556 1.5854896290560625E12
526 1.585489629056125E12
-183 1.5854896290561875E12
-655 1.58548962905625E12
-271 1.5854896290563125E12
429 1.585489629056375E12
760 1.5854896290564375E12
88 1.5854896290565E12
-634 1.5854896290565625E12
-486 1.585489629056625E12
416 1.5854896290566875E12
672 1.58548962905675E12
-193 1.5854896290568125E12
-711 1.585489629056875E12
-217 1.5854896290569375E12
488 1.585489629057E12
273 1.5854896290570625E12
-406 1.585489629057125E12
-251 1.5854896290571875E12
165 1.58548962905725E12
200 1.5854896290573125E12
-82 1.585489629057375E12
-110 1.5854896290574375E12
145 1.5854896290575E12
-31 1.5854896290575625E12
-87 1.585489629057625E12
22 1.5854896290576875E12
260 1.58548962905775E12
288 1.5854896290578125E12
-137 1.585489629057875E12
-210 1.5854896290579375E12
129 1.585489629058E12
358 1.5854896290580625E12
38 1.585489629058125E12
-375 1.5854896290581875E12
-157 1.58548962905825E12
274 1.5854896290583125E12
237 1.585489629058375E12
-167 1.5854896290584375E12
-470 1.5854896290585E12
-115 1.5854896290585625E12
233 1.585489629058625E12
340 1.5854896290586875E12
41 1.58548962905875E12
-322 1.5854896290588125E12
-149 1.585489629058875E12
261 1.5854896290589375E12
332 1.585489629059E12
-121 1.5854896290590625E12
-161 1.585489629059125E12
94 1.5854896290591875E12
101 1.58548962905925E12
-21 1.5854896290593125E12
-23 1.585489629059375E12
72 1.5854896290594375E12
-15 1.5854896290595E12
-109 1.5854896290595625E12
-30 1.585489629059625E12
110 1.5854896290596875E12
62 1.58548962905975E12
-129 1.5854896290598125E12
-139 1.585489629059875E12
137 1.5854896290599375E12
192 1.58548962906E12
17 1.5854896290600625E12
-163 1.585489629060125E12
-13 1.5854896290601875E12
229 1.58548962906025E12
118 1.5854896290603125E12
-50 1.585489629060375E12
-54 1.5854896290604375E12
78 1.5854896290605E12
18 1.5854896290605625E12
-142 1.585489629060625E12
-115 1.5854896290606875E12
42 1.58548962906075E12
4 1.5854896290608125E12
-221 1.585489629060875E12
-135 1.5854896290609375E12
169 1.585489629061E12
232 1.5854896290610625E12
-106 1.585489629061125E12
-225 1.5854896290611875E12
98 1.58548962906125E12
346 1.5854896290613125E12
101 1.585489629061375E12
-299 1.5854896290614375E12
-259 1.5854896290615E12
133 1.5854896290615625E12
241 1.585489629061625E12
-41 1.5854896290616875E12
-245 1.58548962906175E12
-169 1.5854896290618125E12
46 1.585489629061875E12
136 1.5854896290619375E12
45 1.585489629062E12
-105 1.5854896290620625E12
-77 1.585489629062125E12
76 1.5854896290621875E12
73 1.58548962906225E12
-54 1.5854896290623125E12
-85 1.585489629062375E12
-18 1.5854896290624375E12
2 1.5854896290625E12
-38 1.5854896290625625E12
-81 1.585489629062625E12
-42 1.5854896290626875E12
26 1.58548962906275E12
18 1.5854896290628125E12
-69 1.585489629062875E12
-105 1.5854896290629375E12
8 1.585489629063E12
130 1.5854896290630625E12
36 1.585489629063125E12
-103 1.5854896290631875E12
-66 1.58548962906325E12
66 1.5854896290633125E12
109 1.585489629063375E12
-35 1.5854896290634375E12
-146 1.5854896290635E12
13 1.5854896290635625E12
145 1.585489629063625E12
25 1.5854896290636875E12
-105 1.58548962906375E12
-90 1.5854896290638125E12
62 1.585489629063875E12
68 1.5854896290639375E12
-31 1.585489629064E12
-39 1.5854896290640625E12
-17 1.585489629064125E12
0 1.5854896290641875E12
-18 1.58548962906425E12
8 1.5854896290643125E12
16 1.585489629064375E12
-38 1.5854896290644375E12
-29 1.5854896290645E12
44 1.5854896290645625E12
40 1.585489629064625E12
-2 1.5854896290646875E12
-35 1.58548962906475E12
-15 1.5854896290648125E12
58 1.585489629064875E12
84 1.5854896290649375E12
-61 1.585489629065E12
-90 1.5854896290650625E12
46 1.585489629065125E12
74 1.5854896290651875E12
-23 1.58548962906525E12
-85 1.5854896290653125E12
-3 1.585489629065375E12
26 1.5854896290654375E12
-37 1.5854896290655E12
-42 1.5854896290655625E12
-42 1.585489629065625E12
-26 1.5854896290656875E12
-2 1.58548962906575E12
-6 1.5854896290658125E12
-35 1.585489629065875E12
30 1.5854896290659375E12
52 1.585489629066E12
45 1.5854896290660625E12
-2 1.585489629066125E12
24 1.5854896290661875E12
97 1.58548962906625E12
40 1.5854896290663125E12
-37 1.585489629066375E12
-127 1.5854896290664375E12
-38 1.5854896290665E12
58 1.5854896290665625E12
2 1.585489629066625E12
-114 1.5854896290666875E12
-155 1.58548962906675E12
37 1.5854896290668125E12
121 1.585489629066875E12
78 1.5854896290669375E12
-5 1.585489629067E12
-25 1.5854896290670625E12
78 1.585489629067125E12
125 1.5854896290671875E12
49 1.58548962906725E12
-5 1.5854896290673125E12
33 1.585489629067375E12
44 1.5854896290674375E12
-26 1.5854896290675E12
-74 1.5854896290675625E12
-46 1.585489629067625E12
-26 1.5854896290676875E12
-31 1.58548962906775E12
-45 1.5854896290678125E12
-41 1.585489629067875E12
21 1.5854896290679375E12
76 1.585489629068E12
17 1.5854896290680625E12
-21 1.585489629068125E12
30 1.5854896290681875E12
41 1.58548962906825E12
32 1.5854896290683125E12
5 1.585489629068375E12
20 1.5854896290684375E12
26 1.5854896290685E12
10 1.5854896290685625E12
-27 1.585489629068625E12
-42 1.5854896290686875E12
-17 1.58548962906875E12
-38 1.5854896290688125E12
-87 1.585489629068875E12
-66 1.5854896290689375E12
60 1.585489629069E12
52 1.5854896290690625E12
-23 1.585489629069125E12
-79 1.5854896290691875E12
-15 1.58548962906925E12
97 1.5854896290693125E12
30 1.585489629069375E12
-23 1.5854896290694375E12
6 1.5854896290695E12
48 1.5854896290695625E12
28 1.585489629069625E12
4 1.5854896290696875E12
13 1.58548962906975E12
-7 1.5854896290698125E12
-35 1.585489629069875E12
-21 1.5854896290699375E12
41 1.58548962907E12
2 1.5854896290700625E12
-62 1.585489629070125E12
-49 1.5854896290701875E12
64 1.58548962907025E12
22 1.5854896290703125E12
20 1.585489629070375E12
-14 1.5854896290704375E12
-23 1.5854896290705E12
25 1.5854896290705625E12
28 1.585489629070625E12
13 1.5854896290706875E12
-63 1.58548962907075E12
-23 1.5854896290708125E12
18 1.585489629070875E12
1 1.5854896290709375E12
-2 1.585489629071E12
18 1.5854896290710625E12
50 1.585489629071125E12
18 1.5854896290711875E12
-30 1.58548962907125E12
10 1.5854896290713125E12
49 1.585489629071375E12
76 1.5854896290714375E12
10 1.5854896290715E12
-127 1.5854896290715625E12
-43 1.585489629071625E12
30 1.5854896290716875E12
86 1.58548962907175E12
-21 1.5854896290718125E12
-106 1.585489629071875E12
0 1.5854896290719375E12
90 1.585489629072E12
85 1.5854896290720625E12
-55 1.585489629072125E12
-89 1.5854896290721875E12
6 1.58548962907225E12
108 1.5854896290723125E12
62 1.585489629072375E12
-74 1.5854896290724375E12
-103 1.5854896290725E12
0 1.5854896290725625E12
86 1.585489629072625E12
-14 1.5854896290726875E12
-115 1.58548962907275E12
-55 1.5854896290728125E12
76 1.585489629072875E12
77 1.5854896290729375E12
6 1.585489629073E12
-79 1.5854896290730625E12
-5 1.585489629073125E12
74 1.5854896290731875E12
-10 1.58548962907325E12
-59 1.5854896290733125E12
-54 1.585489629073375E12
5 1.5854896290734375E12
-34 1.5854896290735E12
-89 1.5854896290735625E12
-37 1.585489629073625E12
37 1.5854896290736875E12
29 1.58548962907375E12
-41 1.5854896290738125E12
-57 1.585489629073875E12
17 1.5854896290739375E12
40 1.585489629074E12
12 1.5854896290740625E12
-30 1.585489629074125E12
-66 1.5854896290741875E12
10 1.58548962907425E12
64 1.5854896290743125E12
48 1.585489629074375E12
-70 1.5854896290744375E12
-105 1.5854896290745E12
18 1.5854896290745625E12
70 1.585489629074625E12
-13 1.5854896290746875E12
-151 1.58548962907475E12
-137 1.5854896290748125E12
52 1.585489629074875E12
57 1.5854896290749375E12
-29 1.585489629075E12
-34 1.5854896290750625E12
-5 1.585489629075125E12
14 1.5854896290751875E12
-14 1.58548962907525E12
44 1.5854896290753125E12
60 1.585489629075375E12
5 1.5854896290754375E12
-53 1.5854896290755E12
-17 1.5854896290755625E12
38 1.585489629075625E12
26 1.5854896290756875E12
-55 1.58548962907575E12
-102 1.5854896290758125E12
-7 1.585489629075875E12
61 1.5854896290759375E12
10 1.585489629076E12
-38 1.5854896290760625E12
-42 1.585489629076125E12
0 1.5854896290761875E12
30 1.58548962907625E12
-13 1.5854896290763125E12
-21 1.585489629076375E12
-18 1.5854896290764375E12
-14 1.5854896290765E12
41 1.5854896290765625E12
5 1.585489629076625E12
25 1.5854896290766875E12
45 1.58548962907675E12
30 1.5854896290768125E12
2 1.585489629076875E12
22 1.5854896290769375E12
50 1.585489629077E12
26 1.5854896290770625E12
-38 1.585489629077125E12
-75 1.5854896290771875E12
21 1.58548962907725E12
42 1.5854896290773125E12
24 1.585489629077375E12
-38 1.5854896290774375E12
-21 1.5854896290775E12
64 1.5854896290775625E12
66 1.585489629077625E12
36 1.5854896290776875E12
-21 1.58548962907775E12
26 1.5854896290778125E12
53 1.585489629077875E12
32 1.5854896290779375E12
-6 1.585489629078E12
20 1.5854896290780625E12
18 1.585489629078125E12
-7 1.5854896290781875E12
25 1.58548962907825E12
0 1.5854896290783125E12
-17 1.585489629078375E12
-6 1.5854896290784375E12
8 1.5854896290785E12
-19 1.5854896290785625E12
-51 1.585489629078625E12
-6 1.5854896290786875E12
29 1.58548962907875E12
29 1.5854896290788125E12
36 1.585489629078875E12
1 1.5854896290789375E12
20 1.585489629079E12
32 1.5854896290790625E12
6 1.585489629079125E12
-9 1.5854896290791875E12
-26 1.58548962907925E12
1 1.5854896290793125E12
10 1.585489629079375E12
-26 1.5854896290794375E12
-55 1.5854896290795E12
-25 1.5854896290795625E12
-15 1.585489629079625E12
10 1.5854896290796875E12
16 1.58548962907975E12
-18 1.5854896290798125E12
1 1.585489629079875E12
13 1.5854896290799375E12
4 1.58548962908E12
-25 1.5854896290800625E12
-26 1.585489629080125E12
29 1.5854896290801875E12
42 1.58548962908025E12
22 1.5854896290803125E12
-66 1.585489629080375E12
-41 1.5854896290804375E12
-23 1.5854896290805E12
-15 1.5854896290805625E12
-13 1.585489629080625E12
-25 1.5854896290806875E12
-26 1.58548962908075E12
5 1.5854896290808125E12
36 1.585489629080875E12
18 1.5854896290809375E12
-29 1.585489629081E12
-33 1.5854896290810625E12
8 1.585489629081125E12
17 1.5854896290811875E12
-18 1.58548962908125E12
-46 1.5854896290813125E12
10 1.585489629081375E12
30 1.5854896290814375E12
2 1.5854896290815E12
-73 1.5854896290815625E12
-43 1.585489629081625E12
-15 1.5854896290816875E12
-25 1.58548962908175E12
-22 1.5854896290818125E12
-50 1.585489629081875E12
-33 1.5854896290819375E12
-23 1.585489629082E12
-17 1.5854896290820625E12
8 1.585489629082125E12
25 1.5854896290821875E12
8 1.58548962908225E12
-14 1.5854896290823125E12
18 1.585489629082375E12
48 1.5854896290824375E12
-14 1.5854896290825E12
-41 1.5854896290825625E12
-23 1.585489629082625E12
32 1.5854896290826875E12
58 1.58548962908275E12
-10 1.5854896290828125E12
-37 1.585489629082875E12
-13 1.5854896290829375E12
6 1.585489629083E12
30 1.5854896290830625E12
5 1.585489629083125E12
-17 1.5854896290831875E12
-2 1.58548962908325E12
57 1.5854896290833125E12
44 1.585489629083375E12
0 1.5854896290834375E12
-18 1.5854896290835E12
-5 1.5854896290835625E12
12 1.585489629083625E12
12 1.5854896290836875E12
9 1.58548962908375E12
20 1.5854896290838125E12
40 1.585489629083875E12
-2 1.5854896290839375E12
17 1.585489629084E12
8 1.5854896290840625E12
4 1.585489629084125E12
24 1.5854896290841875E12
-2 1.58548962908425E12
-27 1.5854896290843125E12
8 1.585489629084375E12
26 1.5854896290844375E12
10 1.5854896290845E12
-19 1.5854896290845625E12
-25 1.585489629084625E12
2 1.5854896290846875E12
-17 1.58548962908475E12
-5 1.5854896290848125E12
2 1.585489629084875E12
-23 1.5854896290849375E12
-10 1.585489629085E12
-7 1.5854896290850625E12
17 1.585489629085125E12
46 1.5854896290851875E12
9 1.58548962908525E12
-14 1.5854896290853125E12
10 1.585489629085375E12
13 1.5854896290854375E12
-15 1.5854896290855E12
-27 1.5854896290855625E12
-29 1.585489629085625E12
-29 1.5854896290856875E12
-22 1.58548962908575E12
8 1.5854896290858125E12
-14 1.585489629085875E12
-13 1.5854896290859375E12
25 1.585489629086E12
16 1.5854896290860625E12
-6 1.585489629086125E12
-9 1.5854896290861875E12
2 1.58548962908625E12
-37 1.5854896290863125E12
-14 1.585489629086375E12
0 1.5854896290864375E12
8 1.5854896290865E12
9 1.5854896290865625E12
-7 1.585489629086625E12
-39 1.5854896290866875E12
1 1.58548962908675E12
14 1.5854896290868125E12
5 1.585489629086875E12
30 1.5854896290869375E12
-9 1.585489629087E12
-19 1.5854896290870625E12
20 1.585489629087125E12
45 1.5854896290871875E12
-19 1.58548962908725E12
-57 1.5854896290873125E12
-13 1.585489629087375E12
28 1.5854896290874375E12
10 1.5854896290875E12
-27 1.5854896290875625E12
-39 1.585489629087625E12
-18 1.5854896290876875E12
30 1.58548962908775E12
8 1.5854896290878125E12
-27 1.585489629087875E12
-13 1.5854896290879375E12
10 1.585489629088E12
-19 1.5854896290880625E12
-42 1.585489629088125E12
6 1.5854896290881875E12
22 1.58548962908825E12
-27 1.5854896290883125E12
-41 1.585489629088375E12
-13 1.5854896290884375E12
4 1.5854896290885E12
-13 1.5854896290885625E12
-38 1.585489629088625E12
-19 1.5854896290886875E12
8 1.58548962908875E12
13 1.5854896290888125E12
-14 1.585489629088875E12
-58 1.5854896290889375E12
0 1.585489629089E12
22 1.5854896290890625E12
-2 1.585489629089125E12
10 1.5854896290891875E12
-21 1.58548962908925E12
-45 1.5854896290893125E12
-11 1.585489629089375E12
-11 1.5854896290894375E12
33 1.5854896290895E12
-7 1.5854896290895625E12
4 1.585489629089625E12
28 1.5854896290896875E12
10 1.58548962908975E12
30 1.5854896290898125E12
13 1.585489629089875E12
-9 1.5854896290899375E12
-39 1.58548962909E12
14 1.5854896290900625E12
49 1.585489629090125E12
38 1.5854896290901875E12
13 1.58548962909025E12
-29 1.5854896290903125E12
-21 1.585489629090375E12
12 1.5854896290904375E12
1 1.5854896290905E12
-13 1.5854896290905625E12
-13 1.585489629090625E12
-26 1.5854896290906875E12
1 1.58548962909075E12
44 1.5854896290908125E12
33 1.585489629090875E12
-2 1.5854896290909375E12
30 1.585489629091E12
20 1.5854896290910625E12
29 1.585489629091125E12
42 1.5854896290911875E12
26 1.58548962909125E12
8 1.5854896290913125E12
-5 1.585489629091375E12
17 1.5854896290914375E12
9 1.5854896290915E12
-9 1.5854896290915625E12
-2 1.585489629091625E12
13 1.5854896290916875E12
-11 1.58548962909175E12
0 1.5854896290918125E12
13 1.585489629091875E12
10 1.5854896290919375E12
-22 1.585489629092E12
-33 1.5854896290920625E12
33 1.585489629092125E12
28 1.5854896290921875E12
-7 1.58548962909225E12
-13 1.5854896290923125E12
-2 1.585489629092375E12
20 1.5854896290924375E12
42 1.5854896290925E12
-11 1.5854896290925625E12
-22 1.585489629092625E12
20 1.5854896290926875E12
14 1.58548962909275E12
-23 1.5854896290928125E12
2 1.585489629092875E12
12 1.5854896290929375E12
-18 1.585489629093E12
-5 1.5854896290930625E12
-9 1.585489629093125E12
18 1.5854896290931875E12
24 1.58548962909325E12
13 1.5854896290933125E12
-27 1.585489629093375E12
-9 1.5854896290934375E12
25 1.5854896290935E12
-14 1.5854896290935625E12
-14 1.585489629093625E12
-15 1.5854896290936875E12
-15 1.58548962909375E12
-2 1.5854896290938125E12
-22 1.585489629093875E12
-15 1.5854896290939375E12
